,W,L,W/L%,GB,PS/G,PA/G,SRS,Year,Team
0,61,21,.744,—,113.5,105.7,7.37,1980,Boston Celtics*
1,59,23,.720,2.0,109.1,104.9,4.04,1980,Philadelphia 76ers*
2,39,43,.476,22.0,107.0,109.5,-2.27,1980,Washington Bullets*
3,39,43,.476,22.0,114.0,115.1,-0.96,1980,New York Knicks
4,34,48,.415,27.0,108.3,109.5,-0.98,1980,New Jersey Nets
6,50,32,.610,—,104.5,101.6,2.83,1980,Atlanta Hawks*
7,41,41,.500,9.0,110.8,110.6,0.27,1980,Houston Rockets*
8,41,41,.500,9.0,119.4,119.7,-0.24,1980,San Antonio Spurs*
9,37,45,.451,13.0,111.2,111.9,-0.54,1980,Indiana Pacers
10,37,45,.451,13.0,114.1,113.8,0.43,1980,Cleveland Cavaliers
11,16,66,.195,34.0,108.9,117.2,-7.57,1980,Detroit Pistons
1,49,33,.598,—,110.1,106.1,3.57,1980,Milwaukee Bucks*
2,47,35,.573,2.0,108.0,104.9,2.82,1980,Kansas City Kings*
3,30,52,.366,19.0,108.3,112.7,-4.22,1980,Denver Nuggets
4,30,52,.366,19.0,107.5,110.2,-2.63,1980,Chicago Bulls
5,24,58,.293,25.0,102.4,108.4,-5.71,1980,Utah Jazz
7,60,22,.732,—,115.1,109.2,5.40,1980,Los Angeles Lakers*
8,56,26,.683,4.0,108.5,103.8,4.24,1980,Seattle SuperSonics*
9,55,27,.671,5.0,111.1,107.5,3.25,1980,Phoenix Suns*
10,38,44,.463,22.0,102.5,103.3,-0.87,1980,Portland Trail Blazers*
11,35,47,.427,25.0,107.6,111.7,-3.97,1980,San Diego Clippers
12,24,58,.293,36.0,103.6,108.0,-4.20,1980,Golden State Warriors
0,62,20,.756,—,109.9,104.0,6.05,1981,Boston Celtics*
1,62,20,.756,—,111.7,103.8,7.76,1981,Philadelphia 76ers*
2,50,32,.610,12.0,107.9,106.3,2.00,1981,New York Knicks*
3,39,43,.476,23.0,105.6,105.6,0.42,1981,Washington Bullets
4,24,58,.293,38.0,106.9,113.0,-5.15,1981,New Jersey Nets
6,60,22,.732,—,113.1,105.9,7.14,1981,Milwaukee Bucks*
7,45,37,.549,15.0,109.0,107.0,2.34,1981,Chicago Bulls*
8,44,38,.537,16.0,107.6,106.2,1.72,1981,Indiana Pacers*
9,31,51,.378,29.0,104.9,108.0,-2.37,1981,Atlanta Hawks
10,28,54,.341,32.0,105.7,110.6,-4.15,1981,Cleveland Cavaliers
11,21,61,.256,39.0,99.7,106.0,-5.58,1981,Detroit Pistons
1,52,30,.634,—,112.3,109.4,2.18,1981,San Antonio Spurs*
2,40,42,.488,12.0,106.9,106.9,-0.49,1981,Kansas City Kings*
3,40,42,.488,12.0,108.3,107.9,-0.20,1981,Houston Rockets*
4,37,45,.451,15.0,121.8,122.3,-0.95,1981,Denver Nuggets
5,28,54,.341,24.0,101.2,107.1,-5.99,1981,Utah Jazz
6,15,67,.183,37.0,101.5,109.9,-8.33,1981,Dallas Mavericks
8,57,25,.695,—,110.0,104.5,4.83,1981,Phoenix Suns*
9,54,28,.659,3.0,111.2,107.3,3.27,1981,Los Angeles Lakers*
10,45,37,.549,12.0,110.7,109.8,0.52,1981,Portland Trail Blazers*
11,39,43,.476,18.0,109.8,111.0,-1.41,1981,Golden State Warriors
12,36,46,.439,21.0,106.5,108.1,-1.78,1981,San Diego Clippers
13,34,48,.415,23.0,104.0,105.7,-1.84,1981,Seattle SuperSonics
0,63,19,.768,—,112.0,105.6,6.35,1982,Boston Celtics*
1,58,24,.707,5.0,111.2,105.5,5.74,1982,Philadelphia 76ers*
2,44,38,.537,19.0,106.7,106.0,0.87,1982,New Jersey Nets*
3,43,39,.524,20.0,103.5,102.6,1.06,1982,Washington Bullets*
4,33,49,.402,30.0,106.2,108.9,-2.15,1982,New York Knicks
6,55,27,.671,—,108.4,102.9,5.38,1982,Milwaukee Bucks*
7,42,40,.512,13.0,101.0,100.5,0.81,1982,Atlanta Hawks*
8,39,43,.476,16.0,111.1,112.0,-0.63,1982,Detroit Pistons
9,35,47,.427,20.0,102.2,104.0,-1.49,1982,Indiana Pacers
10,34,48,.415,21.0,106.6,108.6,-1.57,1982,Chicago Bulls
11,15,67,.183,40.0,103.2,111.7,-7.77,1982,Cleveland Cavaliers
1,48,34,.585,—,113.1,110.8,1.79,1982,San Antonio Spurs*
2,46,36,.561,2.0,126.5,126.0,0.13,1982,Denver Nuggets*
3,46,36,.561,2.0,105.9,105.9,-0.39,1982,Houston Rockets*
4,30,52,.366,18.0,107.1,110.2,-3.25,1982,Kansas City Kings
5,28,54,.341,20.0,104.6,109.0,-4.48,1982,Dallas Mavericks
6,25,57,.305,23.0,110.9,116.6,-5.63,1982,Utah Jazz
8,57,25,.695,—,114.6,109.8,4.37,1982,Los Angeles Lakers*
9,52,30,.634,5.0,107.3,103.1,3.69,1982,Seattle SuperSonics*
10,46,36,.561,11.0,106.2,102.7,3.05,1982,Phoenix Suns*
11,45,37,.549,12.0,110.9,109.8,0.80,1982,Golden State Warriors
12,42,40,.512,15.0,109.8,109.2,0.39,1982,Portland Trail Blazers
13,17,65,.207,40.0,108.5,115.9,-7.05,1982,San Diego Clippers
0,65,17,.793,—,112.1,104.4,7.53,1983,Philadelphia 76ers*
1,56,26,.683,9.0,112.1,106.7,5.34,1983,Boston Celtics*
2,49,33,.598,16.0,105.8,103.0,2.77,1983,New Jersey Nets*
3,44,38,.537,21.0,100.0,97.5,2.58,1983,New York Knicks*
4,42,40,.512,23.0,99.2,99.3,0.20,1983,Washington Bullets
6,51,31,.622,—,106.6,102.2,4.32,1983,Milwaukee Bucks*
7,43,39,.524,8.0,101.6,102.6,-0.72,1983,Atlanta Hawks*
8,37,45,.451,14.0,112.7,113.1,-0.17,1983,Detroit Pistons
9,28,54,.341,23.0,111.0,115.9,-4.41,1983,Chicago Bulls
10,23,59,.280,28.0,97.1,104.6,-6.78,1983,Cleveland Cavaliers
11,20,62,.244,31.0,108.7,114.5,-5.36,1983,Indiana Pacers
1,53,29,.646,—,114.3,110.7,3.10,1983,San Antonio Spurs*
2,45,37,.549,8.0,123.2,122.6,0.27,1983,Denver Nuggets*
3,45,37,.549,8.0,113.8,112.3,1.04,1983,Kansas City Kings
4,38,44,.463,15.0,112.7,113.1,-0.70,1983,Dallas Mavericks
5,30,52,.366,23.0,109.0,113.2,-4.22,1983,Utah Jazz
6,14,68,.171,39.0,99.3,110.9,-11.12,1983,Houston Rockets
8,58,24,.707,—,115.0,109.5,5.06,1983,Los Angeles Lakers*
9,53,29,.646,5.0,107.0,102.0,4.61,1983,Phoenix Suns*
10,48,34,.585,10.0,110.0,106.8,2.88,1983,Seattle SuperSonics*
11,46,36,.561,12.0,107.4,105.3,1.88,1983,Portland Trail Blazers*
12,30,52,.366,28.0,108.6,112.3,-3.48,1983,Golden State Warriors
13,25,57,.305,33.0,108.6,113.4,-4.61,1983,San Diego Clippers
0,62,20,.756,—,112.1,105.6,6.42,1984,Boston Celtics*
1,52,30,.634,10.0,107.8,105.6,2.39,1984,Philadelphia 76ers*
2,47,35,.573,15.0,106.9,103.0,3.79,1984,New York Knicks*
3,45,37,.549,17.0,110.0,108.9,1.27,1984,New Jersey Nets*
4,35,47,.427,27.0,102.7,105.6,-2.36,1984,Washington Bullets*
6,50,32,.610,—,105.7,101.5,4.04,1984,Milwaukee Bucks*
7,49,33,.598,1.0,117.1,113.5,3.52,1984,Detroit Pistons*
8,40,42,.488,10.0,101.5,102.8,-1.08,1984,Atlanta Hawks*
9,28,54,.341,22.0,102.3,106.5,-3.71,1984,Cleveland Cavaliers
10,27,55,.329,23.0,103.7,108.9,-4.69,1984,Chicago Bulls
11,26,56,.317,24.0,104.5,109.3,-4.25,1984,Indiana Pacers
1,45,37,.549,—,115.0,113.8,0.81,1984,Utah Jazz*
2,43,39,.524,2.0,110.4,110.0,0.15,1984,Dallas Mavericks*
3,38,44,.463,7.0,123.7,124.8,-1.27,1984,Denver Nuggets*
4,38,44,.463,7.0,110.0,111.5,-1.62,1984,Kansas City Kings*
5,37,45,.451,8.0,120.3,120.5,-0.50,1984,San Antonio Spurs
6,29,53,.354,16.0,110.6,113.7,-3.12,1984,Houston Rockets
8,54,28,.659,—,115.6,111.8,3.32,1984,Los Angeles Lakers*
9,48,34,.585,6.0,113.1,109.6,3.13,1984,Portland Trail Blazers*
10,42,40,.512,12.0,108.1,108.3,-0.34,1984,Seattle SuperSonics*
11,41,41,.500,13.0,111.0,110.1,0.65,1984,Phoenix Suns*
12,37,45,.451,17.0,109.9,113.3,-3.35,1984,Golden State Warriors
13,30,52,.366,24.0,110.7,114.0,-3.21,1984,San Diego Clippers
0,63,19,.768,—,114.8,108.1,6.47,1985,Boston Celtics*
1,58,24,.707,5.0,112.9,108.8,4.17,1985,Philadelphia 76ers*
2,42,40,.512,21.0,109.5,109.2,0.64,1985,New Jersey Nets*
3,40,42,.488,23.0,105.5,105.8,0.15,1985,Washington Bullets*
4,24,58,.293,39.0,105.2,109.8,-4.09,1985,New York Knicks
6,59,23,.720,—,110.9,104.0,6.69,1985,Milwaukee Bucks*
7,46,36,.561,13.0,116.0,113.5,2.73,1985,Detroit Pistons*
8,38,44,.463,21.0,108.7,109.6,-0.50,1985,Chicago Bulls*
9,36,46,.439,23.0,108.6,111.3,-2.27,1985,Cleveland Cavaliers*
10,34,48,.415,25.0,106.6,108.1,-1.14,1985,Atlanta Hawks
11,22,60,.268,37.0,108.3,114.5,-5.46,1985,Indiana Pacers
1,52,30,.634,—,120.0,117.6,2.05,1985,Denver Nuggets*
2,48,34,.585,4.0,111.2,109.5,1.38,1985,Houston Rockets*
3,44,38,.537,8.0,111.2,109.0,1.80,1985,Dallas Mavericks*
4,41,41,.500,11.0,109.0,109.1,-0.33,1985,Utah Jazz*
5,41,41,.500,11.0,114.8,113.9,0.63,1985,San Antonio Spurs*
6,31,51,.378,21.0,114.8,117.5,-2.71,1985,Kansas City Kings
8,62,20,.756,—,118.2,110.9,6.48,1985,Los Angeles Lakers*
9,42,40,.512,20.0,115.5,112.1,2.80,1985,Portland Trail Blazers*
10,36,46,.439,26.0,108.0,110.1,-2.34,1985,Phoenix Suns*
11,31,51,.378,31.0,102.1,107.6,-5.44,1985,Seattle SuperSonics
12,31,51,.378,31.0,107.1,111.6,-4.55,1985,Los Angeles Clippers
13,22,60,.268,40.0,110.4,117.7,-7.21,1985,Golden State Warriors
0,67,15,.817,—,114.1,104.7,9.06,1986,Boston Celtics*
1,54,28,.659,13.0,110.4,108.0,2.46,1986,Philadelphia 76ers*
2,39,43,.476,28.0,103.0,104.8,-1.28,1986,Washington Bullets*
3,39,43,.476,28.0,109.1,111.1,-1.39,1986,New Jersey Nets*
4,23,59,.280,44.0,98.7,104.3,-4.82,1986,New York Knicks
6,57,25,.695,—,114.5,105.5,8.69,1986,Milwaukee Bucks*
7,50,32,.610,7.0,108.6,106.2,2.59,1986,Atlanta Hawks*
8,46,36,.561,11.0,114.2,113.0,1.44,1986,Detroit Pistons*
9,30,52,.366,27.0,109.3,113.1,-3.12,1986,Chicago Bulls*
10,29,53,.354,28.0,107.8,110.6,-2.19,1986,Cleveland Cavaliers
11,26,56,.317,31.0,103.9,107.2,-2.66,1986,Indiana Pacers
1,51,31,.622,—,114.4,111.8,2.10,1986,Houston Rockets*
2,47,35,.573,4.0,114.8,113.5,0.89,1986,Denver Nuggets*
3,44,38,.537,7.0,115.3,114.2,0.70,1986,Dallas Mavericks*
4,42,40,.512,9.0,108.2,108.5,-0.67,1986,Utah Jazz*
5,37,45,.451,14.0,108.8,111.9,-3.19,1986,Sacramento Kings*
6,35,47,.427,16.0,111.2,113.1,-2.06,1986,San Antonio Spurs*
8,62,20,.756,—,117.3,109.5,6.84,1986,Los Angeles Lakers*
9,40,42,.488,22.0,115.1,114.0,0.61,1986,Portland Trail Blazers*
10,32,50,.390,30.0,110.0,113.0,-3.16,1986,Phoenix Suns
11,32,50,.390,30.0,108.6,115.5,-6.83,1986,Los Angeles Clippers
12,31,51,.378,31.0,104.4,104.5,-0.47,1986,Seattle SuperSonics
13,30,52,.366,32.0,113.4,116.9,-3.59,1986,Golden State Warriors
0,59,23,.720,—,112.6,106.0,6.57,1987,Boston Celtics*
1,45,37,.549,14.0,106.5,106.6,0.11,1987,Philadelphia 76ers*
2,42,40,.512,17.0,106.0,107.3,-1.02,1987,Washington Bullets*
3,24,58,.293,35.0,108.5,113.5,-4.42,1987,New Jersey Nets
4,24,58,.293,35.0,103.8,110.0,-5.42,1987,New York Knicks
6,57,25,.695,—,110.0,102.8,7.18,1987,Atlanta Hawks*
7,52,30,.634,5.0,111.2,107.8,3.51,1987,Detroit Pistons*
8,50,32,.610,7.0,110.4,106.5,4.04,1987,Milwaukee Bucks*
9,41,41,.500,16.0,106.1,106.7,-0.17,1987,Indiana Pacers*
10,40,42,.488,17.0,104.8,103.9,1.26,1987,Chicago Bulls*
11,31,51,.378,26.0,104.4,108.2,-3.19,1987,Cleveland Cavaliers
1,55,27,.671,—,116.7,110.4,5.54,1987,Dallas Mavericks*
2,44,38,.537,11.0,107.9,107.5,0.04,1987,Utah Jazz*
3,42,40,.512,13.0,106.9,105.9,0.60,1987,Houston Rockets*
4,37,45,.451,18.0,116.7,117.6,-1.14,1987,Denver Nuggets*
5,29,53,.354,26.0,110.9,114.1,-3.34,1987,Sacramento Kings
6,28,54,.341,27.0,108.3,113.4,-5.09,1987,San Antonio Spurs
8,65,17,.793,—,117.8,108.5,8.32,1987,Los Angeles Lakers*
9,49,33,.598,16.0,117.9,114.8,2.57,1987,Portland Trail Blazers*
10,42,40,.512,23.0,112.0,114.4,-2.54,1987,Golden State Warriors*
11,39,43,.476,26.0,113.7,113.3,0.08,1987,Seattle SuperSonics*
12,36,46,.439,29.0,111.1,113.5,-2.63,1987,Phoenix Suns
13,12,70,.146,53.0,104.5,115.9,-11.00,1987,Los Angeles Clippers
0,57,25,.695,—,113.6,107.7,6.15,1988,Boston Celtics*
1,38,44,.463,19.0,105.5,106.3,-0.16,1988,Washington Bullets*
2,38,44,.463,19.0,105.5,106.0,0.14,1988,New York Knicks*
3,36,46,.439,21.0,105.7,107.1,-0.79,1988,Philadelphia 76ers
4,19,63,.232,38.0,100.4,108.5,-6.98,1988,New Jersey Nets
6,54,28,.659,—,109.2,104.1,5.46,1988,Detroit Pistons*
7,50,32,.610,4.0,105.0,101.6,3.76,1988,Chicago Bulls*
8,50,32,.610,4.0,107.9,104.3,4.02,1988,Atlanta Hawks*
9,42,40,.512,12.0,106.1,105.5,1.21,1988,Milwaukee Bucks*
10,42,40,.512,12.0,104.5,103.7,1.28,1988,Cleveland Cavaliers*
11,38,44,.463,16.0,104.6,105.4,-0.18,1988,Indiana Pacers
1,54,28,.659,—,116.7,112.7,3.32,1988,Denver Nuggets*
2,53,29,.646,1.0,109.3,104.9,3.59,1988,Dallas Mavericks*
3,47,35,.573,7.0,108.5,104.8,2.96,1988,Utah Jazz*
4,46,36,.561,8.0,109.0,107.6,0.82,1988,Houston Rockets*
5,31,51,.378,23.0,113.6,118.5,-5.02,1988,San Antonio Spurs*
6,24,58,.293,30.0,108.0,113.7,-5.84,1988,Sacramento Kings
8,62,20,.756,—,112.8,107.0,4.81,1988,Los Angeles Lakers*
9,53,29,.646,9.0,116.1,111.5,3.59,1988,Portland Trail Blazers*
10,44,38,.537,18.0,111.4,109.3,1.29,1988,Seattle SuperSonics*
11,28,54,.341,34.0,108.5,113.0,-4.80,1988,Phoenix Suns
12,20,62,.244,42.0,107.0,115.3,-8.38,1988,Golden State Warriors
13,17,65,.207,45.0,98.8,109.1,-10.24,1988,Los Angeles Clippers
0,52,30,.634,—,116.7,112.9,3.62,1989,New York Knicks*
1,46,36,.561,6.0,111.9,110.4,1.68,1989,Philadelphia 76ers*
2,42,40,.512,10.0,109.2,108.1,1.26,1989,Boston Celtics*
3,40,42,.488,12.0,108.3,110.4,-1.77,1989,Washington Bullets
4,26,56,.317,26.0,103.7,110.1,-5.69,1989,New Jersey Nets
5,20,62,.244,32.0,104.5,113.0,-7.74,1989,Charlotte Hornets
7,63,19,.768,—,106.6,100.8,6.24,1989,Detroit Pistons*
8,57,25,.695,6.0,108.8,101.2,7.95,1989,Cleveland Cavaliers*
9,52,30,.634,11.0,111.0,106.1,5.26,1989,Atlanta Hawks*
10,49,33,.598,14.0,108.9,105.3,4.11,1989,Milwaukee Bucks*
11,47,35,.573,16.0,106.4,105.0,2.13,1989,Chicago Bulls*
12,28,54,.341,35.0,106.9,111.1,-3.00,1989,Indiana Pacers
1,51,31,.622,—,104.7,99.7,4.01,1989,Utah Jazz*
2,45,37,.549,6.0,108.5,107.5,0.22,1989,Houston Rockets*
3,44,38,.537,7.0,118.0,116.3,0.91,1989,Denver Nuggets*
4,38,44,.463,13.0,103.5,104.7,-1.79,1989,Dallas Mavericks
5,21,61,.256,30.0,105.5,112.8,-7.45,1989,San Antonio Spurs
6,15,67,.183,36.0,97.8,109.0,-11.13,1989,Miami Heat
8,57,25,.695,—,114.7,107.5,6.38,1989,Los Angeles Lakers*
9,55,27,.671,2.0,118.6,110.9,6.84,1989,Phoenix Suns*
10,47,35,.573,10.0,112.1,109.2,2.44,1989,Seattle SuperSonics*
11,43,39,.524,14.0,116.6,116.9,-0.59,1989,Golden State Warriors*
12,39,43,.476,18.0,114.6,113.1,0.92,1989,Portland Trail Blazers*
13,27,55,.329,30.0,105.5,111.0,-5.35,1989,Sacramento Kings
14,21,61,.256,36.0,106.2,116.2,-9.50,1989,Los Angeles Clippers
0,53,29,.646,—,110.2,105.2,4.23,1990,Philadelphia 76ers*
1,52,30,.634,1.0,110.0,106.0,3.23,1990,Boston Celtics*
2,45,37,.549,8.0,108.3,106.9,0.78,1990,New York Knicks*
3,31,51,.378,22.0,107.7,109.9,-2.43,1990,Washington Bullets
4,18,64,.220,35.0,100.6,110.3,-9.59,1990,Miami Heat
5,17,65,.207,36.0,100.1,108.0,-7.82,1990,New Jersey Nets
7,59,23,.720,—,104.3,98.3,5.41,1990,Detroit Pistons*
8,55,27,.671,4.0,109.5,106.2,2.74,1990,Chicago Bulls*
9,44,38,.537,15.0,106.0,106.8,-1.06,1990,Milwaukee Bucks*
10,42,40,.512,17.0,102.6,102.9,-0.62,1990,Cleveland Cavaliers*
11,42,40,.512,17.0,109.3,109.1,-0.18,1990,Indiana Pacers*
12,41,41,.500,18.0,108.5,107.5,0.64,1990,Atlanta Hawks
13,18,64,.220,41.0,110.9,119.8,-8.73,1990,Orlando Magic
1,56,26,.683,—,106.3,102.8,3.58,1990,San Antonio Spurs*
2,55,27,.671,1.0,106.8,102.0,4.82,1990,Utah Jazz*
3,47,35,.573,9.0,102.2,102.2,0.42,1990,Dallas Mavericks*
4,43,39,.524,13.0,114.6,113.2,1.56,1990,Denver Nuggets*
5,41,41,.500,15.0,106.7,105.3,1.71,1990,Houston Rockets*
6,22,60,.268,34.0,95.2,99.4,-3.60,1990,Minnesota Timberwolves
7,19,63,.232,37.0,100.4,108.2,-7.00,1990,Charlotte Hornets
9,63,19,.768,—,110.7,103.9,6.74,1990,Los Angeles Lakers*
10,59,23,.720,4.0,114.2,107.9,6.48,1990,Portland Trail Blazers*
11,54,28,.659,9.0,114.9,107.8,7.09,1990,Phoenix Suns*
12,41,41,.500,22.0,106.9,105.9,1.40,1990,Seattle SuperSonics
13,37,45,.451,26.0,116.3,119.4,-2.55,1990,Golden State Warriors
14,30,52,.366,33.0,103.8,107.2,-2.80,1990,Los Angeles Clippers
15,23,59,.280,40.0,101.7,106.8,-4.41,1990,Sacramento Kings
0,56,26,.683,—,111.5,105.7,5.22,1991,Boston Celtics*
1,44,38,.537,12.0,105.4,105.6,-0.39,1991,Philadelphia 76ers*
2,39,43,.476,17.0,103.1,103.3,-0.43,1991,New York Knicks*
3,30,52,.366,26.0,101.4,106.4,-4.84,1991,Washington Bullets
4,26,56,.317,30.0,102.9,107.5,-4.53,1991,New Jersey Nets
5,24,58,.293,32.0,101.8,107.8,-5.91,1991,Miami Heat
7,61,21,.744,—,110.0,101.0,8.57,1991,Chicago Bulls*
8,50,32,.610,11.0,100.1,96.8,3.08,1991,Detroit Pistons*
9,48,34,.585,13.0,106.4,104.0,2.33,1991,Milwaukee Bucks*
10,43,39,.524,18.0,109.8,109.0,0.72,1991,Atlanta Hawks*
11,41,41,.500,20.0,111.7,112.1,-0.37,1991,Indiana Pacers*
12,33,49,.402,28.0,101.7,104.2,-2.33,1991,Cleveland Cavaliers
13,26,56,.317,35.0,102.8,108.0,-4.95,1991,Charlotte Hornets
1,55,27,.671,—,107.1,102.6,4.30,1991,San Antonio Spurs*
2,54,28,.659,1.0,104.0,100.7,3.18,1991,Utah Jazz*
3,52,30,.634,3.0,106.7,103.2,3.27,1991,Houston Rockets*
4,31,51,.378,24.0,105.9,109.9,-3.79,1991,Orlando Magic
5,29,53,.354,26.0,99.6,103.5,-3.75,1991,Minnesota Timberwolves
6,28,54,.341,27.0,99.9,104.5,-4.27,1991,Dallas Mavericks
7,20,62,.244,35.0,119.9,130.8,-10.31,1991,Denver Nuggets
9,63,19,.768,—,114.7,106.0,8.47,1991,Portland Trail Blazers*
10,58,24,.707,5.0,106.3,99.6,6.73,1991,Los Angeles Lakers*
11,55,27,.671,8.0,114.0,107.5,6.49,1991,Phoenix Suns*
12,44,38,.537,19.0,116.6,115.0,1.72,1991,Golden State Warriors*
13,41,41,.500,22.0,106.6,105.4,1.31,1991,Seattle SuperSonics*
14,31,51,.378,32.0,103.5,107.0,-3.16,1991,Los Angeles Clippers
15,25,57,.305,38.0,96.7,103.5,-6.27,1991,Sacramento Kings
0,51,31,.622,—,106.6,103.0,3.41,1992,Boston Celtics*
1,51,31,.622,—,101.6,97.7,3.67,1992,New York Knicks*
2,40,42,.488,11.0,105.4,107.1,-1.54,1992,New Jersey Nets*
3,38,44,.463,13.0,105.0,109.2,-3.94,1992,Miami Heat*
4,35,47,.427,16.0,101.9,103.2,-1.34,1992,Philadelphia 76ers
5,25,57,.305,26.0,102.4,106.8,-4.35,1992,Washington Bullets
6,21,61,.256,30.0,101.6,108.5,-6.52,1992,Orlando Magic
8,67,15,.817,—,109.9,99.5,10.07,1992,Chicago Bulls*
9,57,25,.695,10.0,108.9,103.4,5.34,1992,Cleveland Cavaliers*
10,48,34,.585,19.0,98.9,96.9,2.06,1992,Detroit Pistons*
11,40,42,.488,27.0,112.2,110.3,1.85,1992,Indiana Pacers*
12,38,44,.463,29.0,106.2,107.7,-1.15,1992,Atlanta Hawks
13,31,51,.378,36.0,105.0,106.7,-1.46,1992,Milwaukee Bucks
14,31,51,.378,36.0,109.5,113.4,-3.57,1992,Charlotte Hornets
1,55,27,.671,—,108.3,101.9,5.70,1992,Utah Jazz*
2,47,35,.573,8.0,104.0,100.6,2.81,1992,San Antonio Spurs*
3,42,40,.512,13.0,102.0,103.7,-1.94,1992,Houston Rockets
4,24,58,.293,31.0,99.7,107.6,-7.59,1992,Denver Nuggets
5,22,60,.268,33.0,97.6,105.3,-7.47,1992,Dallas Mavericks
6,15,67,.183,40.0,100.5,107.5,-6.85,1992,Minnesota Timberwolves
8,57,25,.695,—,111.4,104.1,6.94,1992,Portland Trail Blazers*
9,55,27,.671,2.0,118.7,114.8,3.77,1992,Golden State Warriors*
10,53,29,.646,4.0,112.1,106.2,5.68,1992,Phoenix Suns*
11,47,35,.573,10.0,106.5,104.7,1.86,1992,Seattle SuperSonics*
12,45,37,.549,12.0,102.9,101.9,1.10,1992,Los Angeles Clippers*
13,43,39,.524,14.0,100.4,101.5,-0.95,1992,Los Angeles Lakers*
14,29,53,.354,28.0,104.3,110.3,-5.63,1992,Sacramento Kings
0,60,22,.732,—,101.6,95.4,5.87,1993,New York Knicks*
1,48,34,.585,12.0,103.7,102.8,0.93,1993,Boston Celtics*
2,43,39,.524,17.0,102.8,101.6,1.20,1993,New Jersey Nets*
3,41,41,.500,19.0,105.5,104.2,1.35,1993,Orlando Magic
4,36,46,.439,24.0,103.6,104.7,-0.93,1993,Miami Heat
5,26,56,.317,34.0,104.3,110.1,-5.25,1993,Philadelphia 76ers
6,22,60,.268,38.0,101.9,108.9,-6.49,1993,Washington Bullets
8,57,25,.695,—,105.2,98.9,6.19,1993,Chicago Bulls*
9,54,28,.659,3.0,107.7,101.3,6.30,1993,Cleveland Cavaliers*
10,44,38,.537,13.0,110.1,110.4,-0.02,1993,Charlotte Hornets*
11,43,39,.524,14.0,107.5,108.4,-0.67,1993,Atlanta Hawks*
12,41,41,.500,16.0,107.8,106.1,1.77,1993,Indiana Pacers*
13,40,42,.488,17.0,100.6,102.0,-1.10,1993,Detroit Pistons
14,28,54,.341,29.0,102.3,106.1,-3.26,1993,Milwaukee Bucks
1,55,27,.671,—,104.0,99.8,3.57,1993,Houston Rockets*
2,49,33,.598,6.0,105.5,102.8,2.21,1993,San Antonio Spurs*
3,47,35,.573,8.0,106.2,104.0,1.74,1993,Utah Jazz*
4,36,46,.439,19.0,105.2,106.9,-2.14,1993,Denver Nuggets
5,19,63,.232,36.0,98.1,105.9,-7.62,1993,Minnesota Timberwolves
6,11,71,.134,44.0,99.3,114.5,-14.68,1993,Dallas Mavericks
8,62,20,.756,—,113.4,106.7,6.27,1993,Phoenix Suns*
9,55,27,.671,7.0,108.3,101.3,6.66,1993,Seattle SuperSonics*
10,51,31,.622,11.0,108.5,105.4,2.92,1993,Portland Trail Blazers*
11,41,41,.500,21.0,107.1,106.8,0.33,1993,Los Angeles Clippers*
12,39,43,.476,23.0,104.2,105.5,-1.20,1993,Los Angeles Lakers*
13,34,48,.415,28.0,109.9,110.9,-0.94,1993,Golden State Warriors
14,25,57,.305,37.0,107.9,111.1,-3.00,1993,Sacramento Kings
0,57,25,.695,—,98.5,91.5,6.48,1994,New York Knicks*
1,50,32,.610,7.0,105.7,101.8,3.68,1994,Orlando Magic*
2,45,37,.549,12.0,103.2,101.0,2.11,1994,New Jersey Nets*
3,42,40,.512,15.0,103.4,100.7,2.40,1994,Miami Heat*
4,32,50,.390,25.0,100.8,105.1,-4.28,1994,Boston Celtics
5,25,57,.305,32.0,98.0,105.6,-7.37,1994,Philadelphia 76ers
6,24,58,.293,33.0,100.4,107.7,-7.13,1994,Washington Bullets
8,57,25,.695,—,101.4,96.2,4.94,1994,Atlanta Hawks*
9,55,27,.671,2.0,98.0,94.9,2.87,1994,Chicago Bulls*
10,47,35,.573,10.0,101.0,97.5,3.26,1994,Indiana Pacers*
11,47,35,.573,10.0,101.2,97.1,3.64,1994,Cleveland Cavaliers*
12,41,41,.500,16.0,106.5,106.7,-0.23,1994,Charlotte Hornets
13,20,62,.244,37.0,96.9,103.4,-6.24,1994,Milwaukee Bucks
14,20,62,.244,37.0,96.9,104.7,-7.46,1994,Detroit Pistons
1,58,24,.707,—,101.1,96.8,4.19,1994,Houston Rockets*
2,55,27,.671,3.0,100.0,94.8,5.05,1994,San Antonio Spurs*
3,53,29,.646,5.0,101.9,97.7,4.10,1994,Utah Jazz*
4,42,40,.512,16.0,100.3,98.8,1.54,1994,Denver Nuggets*
5,20,62,.244,38.0,96.7,103.6,-6.55,1994,Minnesota Timberwolves
6,13,69,.159,45.0,95.1,103.8,-8.19,1994,Dallas Mavericks
8,63,19,.768,—,105.9,96.9,8.68,1994,Seattle SuperSonics*
9,56,26,.683,7.0,108.2,103.4,4.68,1994,Phoenix Suns*
10,50,32,.610,13.0,107.9,106.1,1.76,1994,Golden State Warriors*
11,47,35,.573,16.0,107.3,104.6,2.60,1994,Portland Trail Blazers*
12,33,49,.402,30.0,100.4,104.7,-3.93,1994,Los Angeles Lakers
13,28,54,.341,35.0,101.1,106.9,-5.32,1994,Sacramento Kings
14,27,55,.329,36.0,103.0,108.7,-5.28,1994,Los Angeles Clippers
0,57,25,.695,—,110.9,103.8,6.44,1995,Orlando Magic*
1,55,27,.671,2.0,98.2,95.1,2.78,1995,New York Knicks*
2,35,47,.427,22.0,102.8,104.7,-1.92,1995,Boston Celtics*
3,32,50,.390,25.0,101.1,102.8,-1.85,1995,Miami Heat
4,30,52,.366,27.0,98.1,101.2,-3.28,1995,New Jersey Nets
5,24,58,.293,33.0,95.4,100.4,-5.06,1995,Philadelphia 76ers
6,21,61,.256,36.0,100.5,106.1,-5.56,1995,Washington Bullets
8,52,30,.634,—,99.2,95.5,3.35,1995,Indiana Pacers*
9,50,32,.610,2.0,100.6,97.3,2.87,1995,Charlotte Hornets*
10,47,35,.573,5.0,101.5,96.7,4.32,1995,Chicago Bulls*
11,43,39,.524,9.0,90.5,89.8,0.55,1995,Cleveland Cavaliers*
12,42,40,.512,10.0,96.6,95.3,1.06,1995,Atlanta Hawks*
13,34,48,.415,18.0,99.3,103.7,-4.30,1995,Milwaukee Bucks
14,28,54,.341,24.0,98.2,105.5,-7.08,1995,Detroit Pistons
1,62,20,.756,—,106.6,100.6,5.90,1995,San Antonio Spurs*
2,60,22,.732,2.0,106.4,98.4,7.76,1995,Utah Jazz*
3,47,35,.573,15.0,103.5,101.4,2.32,1995,Houston Rockets*
4,41,41,.500,21.0,101.3,100.5,0.96,1995,Denver Nuggets*
5,36,46,.439,26.0,103.2,106.1,-2.39,1995,Dallas Mavericks
6,21,61,.256,41.0,94.2,103.2,-8.22,1995,Minnesota Timberwolves
8,59,23,.720,—,110.6,106.8,3.86,1995,Phoenix Suns*
9,57,25,.695,2.0,110.4,102.2,7.91,1995,Seattle SuperSonics*
10,48,34,.585,11.0,105.1,105.3,-0.01,1995,Los Angeles Lakers*
11,44,38,.537,15.0,103.1,99.2,3.80,1995,Portland Trail Blazers*
12,39,43,.476,20.0,98.2,99.2,-0.74,1995,Sacramento Kings
13,26,56,.317,33.0,105.7,111.1,-4.90,1995,Golden State Warriors
14,17,65,.207,42.0,96.7,105.8,-8.43,1995,Los Angeles Clippers
0,60,22,.732,—,104.5,99.0,5.40,1996,Orlando Magic*
1,47,35,.573,13.0,97.2,94.9,2.24,1996,New York Knicks*
2,42,40,.512,18.0,96.5,95.0,1.46,1996,Miami Heat*
3,39,43,.476,21.0,102.5,101.5,0.99,1996,Washington Bullets
4,33,49,.402,27.0,103.6,107.0,-3.37,1996,Boston Celtics
5,30,52,.366,30.0,93.7,97.9,-4.14,1996,New Jersey Nets
6,18,64,.220,42.0,94.5,104.5,-9.45,1996,Philadelphia 76ers
8,72,10,.878,—,105.2,92.9,11.80,1996,Chicago Bulls*
9,52,30,.634,20.0,99.3,96.1,3.11,1996,Indiana Pacers*
10,47,35,.573,25.0,91.1,88.5,2.49,1996,Cleveland Cavaliers*
11,46,36,.561,26.0,98.3,97.1,1.29,1996,Atlanta Hawks*
12,46,36,.561,26.0,95.4,92.9,2.45,1996,Detroit Pistons*
13,41,41,.500,31.0,102.8,103.4,-0.48,1996,Charlotte Hornets
14,25,57,.305,47.0,95.6,100.9,-4.92,1996,Milwaukee Bucks
15,21,61,.256,51.0,97.5,105.0,-7.20,1996,Toronto Raptors
1,59,23,.720,—,103.4,97.1,5.98,1996,San Antonio Spurs*
2,55,27,.671,4.0,102.5,95.9,6.25,1996,Utah Jazz*
3,48,34,.585,11.0,102.5,100.7,1.63,1996,Houston Rockets*
4,35,47,.427,24.0,97.7,100.4,-2.62,1996,Denver Nuggets
5,26,56,.317,33.0,97.9,103.2,-5.14,1996,Minnesota Timberwolves
6,26,56,.317,33.0,102.5,107.5,-4.71,1996,Dallas Mavericks
7,15,67,.183,44.0,89.8,99.8,-9.55,1996,Vancouver Grizzlies
9,64,18,.780,—,104.5,96.7,7.40,1996,Seattle SuperSonics*
10,53,29,.646,11.0,102.9,98.5,4.21,1996,Los Angeles Lakers*
11,44,38,.537,20.0,99.3,97.0,2.21,1996,Portland Trail Blazers*
12,41,41,.500,23.0,104.3,104.0,0.28,1996,Phoenix Suns*
13,39,43,.476,25.0,99.5,102.3,-2.62,1996,Sacramento Kings*
14,36,46,.439,28.0,101.6,103.1,-1.42,1996,Golden State Warriors
15,29,53,.354,35.0,99.4,103.0,-3.46,1996,Los Angeles Clippers
0,61,21,.744,—,94.8,89.3,5.56,1997,Miami Heat*
1,57,25,.695,4.0,95.4,92.2,3.31,1997,New York Knicks*
2,45,37,.549,16.0,94.1,94.5,-0.07,1997,Orlando Magic*
3,44,38,.537,17.0,99.4,97.7,1.77,1997,Washington Bullets*
4,26,56,.317,35.0,97.2,101.8,-3.89,1997,New Jersey Nets
5,22,60,.268,39.0,100.2,106.7,-5.89,1997,Philadelphia 76ers
6,15,67,.183,46.0,100.6,107.9,-6.62,1997,Boston Celtics
8,69,13,.841,—,103.1,92.3,10.70,1997,Chicago Bulls*
9,56,26,.683,13.0,94.8,89.4,5.52,1997,Atlanta Hawks*
10,54,28,.659,15.0,94.2,88.9,5.45,1997,Detroit Pistons*
11,54,28,.659,15.0,98.9,97.0,2.13,1997,Charlotte Hornets*
12,42,40,.512,27.0,87.5,85.6,2.32,1997,Cleveland Cavaliers
13,39,43,.476,30.0,95.4,94.4,1.49,1997,Indiana Pacers
14,33,49,.402,36.0,95.3,97.2,-1.38,1997,Milwaukee Bucks
15,30,52,.366,39.0,95.5,98.6,-2.56,1997,Toronto Raptors
1,64,18,.780,—,103.1,94.3,7.97,1997,Utah Jazz*
2,57,25,.695,7.0,100.6,96.1,3.85,1997,Houston Rockets*
3,40,42,.488,24.0,96.1,97.6,-1.82,1997,Minnesota Timberwolves*
4,24,58,.293,40.0,90.6,97.0,-6.47,1997,Dallas Mavericks
5,21,61,.256,43.0,97.8,104.1,-6.40,1997,Denver Nuggets
6,20,62,.244,44.0,90.5,98.3,-7.93,1997,San Antonio Spurs
7,14,68,.171,50.0,89.2,99.4,-10.17,1997,Vancouver Grizzlies
9,57,25,.695,—,100.9,93.2,6.91,1997,Seattle SuperSonics*
10,56,26,.683,1.0,100.0,95.7,3.66,1997,Los Angeles Lakers*
11,49,33,.598,8.0,99.0,94.8,3.56,1997,Portland Trail Blazers*
12,40,42,.488,17.0,102.8,102.2,0.21,1997,Phoenix Suns*
13,36,46,.439,21.0,97.2,99.5,-2.66,1997,Los Angeles Clippers*
14,34,48,.415,23.0,96.4,99.8,-3.64,1997,Sacramento Kings
15,30,52,.366,27.0,99.6,104.4,-4.90,1997,Golden State Warriors
0,55,27,.671,—,95.0,90.0,5.09,1998,Miami Heat*
1,43,39,.524,12.0,91.6,89.1,2.74,1998,New York Knicks*
2,43,39,.524,12.0,99.6,98.1,1.88,1998,New Jersey Nets*
3,42,40,.512,13.0,97.2,96.6,1.11,1998,Washington Wizards
4,41,41,.500,14.0,90.1,91.2,-0.53,1998,Orlando Magic
5,36,46,.439,19.0,95.9,98.5,-1.96,1998,Boston Celtics
6,31,51,.378,24.0,93.3,95.7,-1.89,1998,Philadelphia 76ers
8,62,20,.756,—,96.7,89.6,7.24,1998,Chicago Bulls*
9,58,24,.707,4.0,96.0,89.9,6.25,1998,Indiana Pacers*
10,51,31,.622,11.0,96.6,94.6,2.45,1998,Charlotte Hornets*
11,50,32,.610,12.0,95.9,92.3,3.85,1998,Atlanta Hawks*
12,47,35,.573,15.0,92.5,89.8,3.06,1998,Cleveland Cavaliers*
13,37,45,.451,25.0,94.2,92.6,1.95,1998,Detroit Pistons
14,36,46,.439,26.0,94.5,96.4,-1.33,1998,Milwaukee Bucks
15,16,66,.195,46.0,94.9,104.2,-8.33,1998,Toronto Raptors
1,62,20,.756,—,101.0,94.4,5.73,1998,Utah Jazz*
2,56,26,.683,6.0,92.5,88.5,3.30,1998,San Antonio Spurs*
3,45,37,.549,17.0,101.1,100.4,0.17,1998,Minnesota Timberwolves*
4,41,41,.500,21.0,98.8,99.5,-1.23,1998,Houston Rockets*
5,20,62,.244,42.0,91.4,97.5,-6.33,1998,Dallas Mavericks
6,19,63,.232,43.0,96.6,103.9,-7.47,1998,Vancouver Grizzlies
7,11,71,.134,51.0,89.0,100.8,-11.74,1998,Denver Nuggets
9,61,21,.744,—,100.6,93.4,6.33,1998,Seattle SuperSonics*
10,61,21,.744,—,105.5,97.8,6.88,1998,Los Angeles Lakers*
11,56,26,.683,5.0,99.6,94.4,4.44,1998,Phoenix Suns*
12,46,36,.561,15.0,94.3,92.9,0.83,1998,Portland Trail Blazers*
13,27,55,.329,34.0,93.1,98.7,-5.83,1998,Sacramento Kings
14,19,63,.232,42.0,88.3,97.4,-9.20,1998,Golden State Warriors
15,17,65,.207,44.0,95.9,103.3,-7.53,1998,Los Angeles Clippers
0,33,17,.660,—,89.0,84.0,5.11,1999,Miami Heat*
1,33,17,.660,—,89.5,86.9,3.11,1999,Orlando Magic*
2,28,22,.560,5.0,89.7,87.6,2.56,1999,Philadelphia 76ers*
3,27,23,.540,6.0,86.4,85.4,1.45,1999,New York Knicks*
4,19,31,.380,14.0,93.0,94.9,-1.75,1999,Boston Celtics
5,18,32,.360,15.0,91.2,93.4,-1.75,1999,Washington Wizards
6,16,34,.320,17.0,91.4,95.2,-3.20,1999,New Jersey Nets
8,33,17,.660,—,94.7,90.9,3.86,1999,Indiana Pacers*
9,31,19,.620,2.0,86.3,83.4,2.82,1999,Atlanta Hawks*
10,29,21,.580,4.0,90.4,86.9,3.97,1999,Detroit Pistons*
11,28,22,.560,5.0,91.7,90.0,1.66,1999,Milwaukee Bucks*
12,26,24,.520,7.0,92.9,93.0,0.63,1999,Charlotte Hornets
13,23,27,.460,10.0,91.1,92.8,-1.32,1999,Toronto Raptors
14,22,28,.440,11.0,86.4,88.2,-0.94,1999,Cleveland Cavaliers
15,13,37,.260,20.0,81.9,91.4,-8.58,1999,Chicago Bulls
1,37,13,.740,—,92.8,84.7,7.12,1999,San Antonio Spurs*
2,37,13,.740,—,93.3,86.8,5.54,1999,Utah Jazz*
3,31,19,.620,6.0,94.2,91.9,1.39,1999,Houston Rockets*
4,25,25,.500,12.0,92.9,92.6,-0.17,1999,Minnesota Timberwolves*
5,19,31,.380,18.0,91.6,94.0,-2.50,1999,Dallas Mavericks
6,14,36,.280,23.0,93.5,100.1,-6.67,1999,Denver Nuggets
7,8,42,.160,29.0,88.9,97.5,-8.94,1999,Vancouver Grizzlies
9,35,15,.700,—,94.8,88.5,5.67,1999,Portland Trail Blazers*
10,31,19,.620,4.0,99.0,96.0,2.68,1999,Los Angeles Lakers*
11,27,23,.540,8.0,95.6,93.3,2.15,1999,Phoenix Suns*
12,27,23,.540,8.0,100.2,100.6,-0.89,1999,Sacramento Kings*
13,25,25,.500,10.0,94.9,95.9,-1.43,1999,Seattle SuperSonics
14,21,29,.420,14.0,88.3,90.8,-2.63,1999,Golden State Warriors
15,9,41,.180,26.0,90.4,99.2,-8.94,1999,Los Angeles Clippers
